9 3 4
1 3 8
2 5 6 9
3 1 1
1
3
4 2 2
2 3
1 4
8 2 2
1 8
5 4
13 5 6
6 4 2 7 5
13 1 6 9 4 2
67 16 14
12 53 32 18 11 48 17 63 7 54 20 4 6 8 14 56
66 32 38 16 8 40 19 52 53 12 21 51 22 18
139 50 56
8 121 112 9 28 84 82 129 31 91 138 25 59 89 52 36 33 110 54 37 79 109 55 16 96 26 93 101 76 104 113 139 118 47 63 128 123 15 136 132 44 70 49 86 11 23 22 39 69 68
86 33 92 19 125 41 14 60 75 135 50 61 57 28 104 43 129 128 83 48 133 65 45 114 55 11 58 97 17 42 91 138 34 127 2 35 103 49 18 118 111 74 101 124 113 47 70 52 5 139 69 93 13 29 40 12
201 184 74
131 94 181 99 138 193 17 145 161 165 25 107 36 142 171 110 188 97 154 28 173 60 183 53 71 13 43 184 5 168 73 139 106 91 18 93 192 163 29 120 62 21 96 78 149 87 81 84 47 80 167 31 14 124 151 178 162 147 101 105 123 30 113 41 121 38 72 12 68 117 129 130 46 166 35 104 74 116 108 158 44 180 100 122 182 66 136 52 55 23 194 2 42 102 160 172 50 156 51 103 195 48 8 10 137 152 98 15 143 127 176 75 89 24 70 189 144 135 76 115 77 32 164 170 153 82 196 86 20 33 85 169 83 159 57 199 174 64 134 109 95 140 191 79 67 179 197 150 37 58 119 186 27 88 111 59 4 146 1 26 34 22 201 7 16 114 65 177 63 9 19 69 157 45 49 190 112 148 118 132 133 56 61 187
201 146 116 189 159 71 10 21 41 35 38 106 95 7 43 135 193 175 117 186 185 93 194 191 3 176 196 5 148 177 45 11 144 152 72 187 147 182 14 51 138 94 183 114 64 47 76 198 174 49 123 20 179 118 97 34 86 2 105 75 98 134 178 190 80 92 81 112 9 110 87 107 17 160
399 197 90
319 348 155 143 160 147 165 3 91 323 58 179 9 57 309 258 332 59 196 194 110 379 158 19 238 21 305 30 355 339 259 252 88 233 245 137 135 17 236 125 7 247 78 124 69 394 311 15 276 67 266 335 157 146 28 87 269 248 39 268 142 224 74 227 301 326 280 206 112 308 24 111 290 396 82 13 398 369 230 73 72 99 171 350 22 303 362 220 246 214 81 153 231 306 232 144 325 217 283 49 31 315 304 84 47 302 185 384 86 164 120 297 363 187 166 116 317 186 318 286 212 136 288 223 382 294 287 347 260 79 209 356 345 391 210 310 383 131 284 397 381 95 254 8 291 103 395 299 113 94 393 150 48 32 239 373 195 34 18 11 2 43 174 114 215 132 235 46 41 182 278 264 334 378 328 300 267 64 193 261 340 122 85 342 152 207 368 341 16 273 126 181 117 60 241 274 51
345 394 138 111 98 191 254 251 180 205 137 172 243 331 306 94 311 288 294 328 253 2 303 333 176 112 10 140 88 81 295 291 124 203 58 146 101 48 14 365 47 301 376 107 18 350 255 245 347 395 25 399 280 273 65 165 310 219 96 267 171 136 357 276 197 248 237 117 247 340 249 309 187 67 156 129 262 298 261 102 164 367 145 356 393 308 5 45 396 392
19 9 10
5 2 18 16 9 12 17 15 6 
5 19 2 6 16 14 7 17 15 9 
14 4 14
2 6 1 12 
8 2 7 14 13 5 12 10 11 4 1 3 9 6 
10 9 7
1 5 10 4 8 2 9 3 7 
7 10 6 1 2 4 8 
16 3 14
7 14 2 
16 6 15 4 13 2 1 12 10 3 8 14 9 7
19 5 17
14 6 13 5 4 
3 10 1 13 6 14 8 17 11 5 7 12 19 4 18 16 2 
12 6 1
4 5 8 12 10 3 
10 
18 18 15
6 10 7 18 12 14 3 11 4 1 17 2 9 15 8 5 16 13 
15 2 14 3 8 6 17 1 7 11 10 5 18 9 13 
14 12 8
14 13 11 1 3 4 7 9 8 6 2 5 
8 6 2 12 9 11 7 13 
104 5 79
82 5 94 47 21 
51 70 21 11 1 31 9 93 76 65 38 92 20 81 45 32 63 2 23 55 40 64 4 73 97 84 42 83 90 43 18 100 27 52 50 15 85 5 94 96 54 79 25 36 102 34 89 17 69 26 77 80 12 67 14 47 62 103 101 74 29 41 60 87 19 16 3 24 6 7 61 44 95 88 72 28 78 48 75 
102 69 17
84 6 2 54 24 99 29 35 56 12 27 26 7 93 46 32 64 37 75 4 71 81 68 48 49 92 96 94 23 11 97 9 86 14 50 15 69 38 91 13 65 5 34 36 85 40 30 83 60 59 77 101 41 8 66 76 28 90 25 89 53 18 43 74 72 62 61 70 17 
86 55 94 54 82 31 69 68 62 20 10 48 93 76 56 59 50 
105 41 58
38 30 92 77 36 28 85 14 89 17 57 82 13 97 1 68 55 42 49 62 27 84 26 18 100 16 71 91 102 3 78 53 31 64 81 48 11 33 29 90 20 
80 22 10 5 59 37 63 104 87 73 88 83 17 96 39 50 51 92 1 44 52 102 58 100 9 53 67 43 3 60 97 25 76 24 30 48 27 77 49 23 95 28 85 62 15 35 12 72 55 99 78 79 11 105 57 45 68 13 
104 104 31
59 19 36 76 78 96 3 81 61 85 10 48 103 14 100 87 35 29 67 80 43 65 68 70 15 30 26 69 21 60 62 74 20 88 4 5 91 9 49 77 18 7 71 47 64 39 95 28 53 82 89 92 93 72 83 79 31 56 2 16 8 58 50 12 37 45 32 94 55 75 22 102 23 63 73 40 54 44 11 25 86 66 97 34 13 52 98 41 51 24 38 1 6 84 99 90 101 104 17 27 33 57 46 42 
58 94 71 30 92 4 75 29 87 96 24 49 83 68 91 44 54 17 73 76 46 41 103 33 97 101 25 34 53 26 16 
107 27 102
40 56 12 54 87 65 96 1 81 97 16 36 33 24 51 82 66 67 75 93 46 15 17 41 19 102 32 
8 97 67 73 14 57 16 86 50 89 18 27 26 33 92 35 96 78 53 60 5 12 6 51 46 107 59 23 87 66 82 2 15 13 91 83 93 100 103 37 88 74 11 45 98 85 101 19 104 65 3 32 72 95 106 79 61 84 81 29 68 75 102 43 63 36 56 94 77 31 52 80 28 49 40 48 99 58 76 20 41 71 10 1 39 70 69 9 34 44 38 47 62 42 30 25 54 7 24 21 22 64 
106 79 26
86 42 98 96 78 91 38 67 16 87 70 25 73 29 41 32 57 35 6 68 17 100 15 105 31 27 71 44 99 7 79 48 18 55 89 60 28 97 20 77 103 90 9 26 61 104 2 5 62 63 81 102 106 84 46 34 45 51 69 39 21 49 10 101 40 14 33 30 92 4 75 37 11 64 47 59 13 66 82 
74 101 22 88 73 99 41 10 30 35 68 104 1 85 89 40 71 96 57 76 17 27 95 48 37 103 
109 108 87
61 1 32 17 40 57 55 23 106 54 82 8 100 44 9 101 59 84 94 49 92 34 35 33 16 48 31 26 60 45 3 38 50 105 87 36 43 96 75 4 79 47 85 13 29 14 37 80 81 67 56 97 24 27 91 58 53 77 52 88 7 107 15 90 71 109 70 64 2 18 10 46 12 25 76 78 62 22 39 19 66 95 63 11 73 99 108 74 5 103 98 28 104 6 21 86 30 102 72 68 83 20 41 42 51 65 93 89 
8 33 107 72 35 37 41 7 32 103 34 79 15 18 25 6 59 94 76 58 106 52 50 23 48 83 90 53 102 31 5 85 36 77 61 78 108 21 12 54 56 80 74 64 14 75 96 3 39 43 100 17 60 2 16 87 20 62 55 65 63 38 4 92 73 49 88 98 42 1 11 51 40 70 99 68 66 28 93 91 71 101 109 24 30 67 27 
108 103 81
81 5 44 53 30 93 76 97 59 98 10 74 95 27 90 46 35 11 94 19 70 77 32 80 40 48 7 58 24 39 26 31 36 45 2 33 103 88 41 25 92 86 104 37 12 20 49 63 78 4 69 73 22 105 87 61 42 43 23 72 85 84 64 68 83 89 28 8 34 60 100 1 108 101 91 47 15 107 3 50 99 66 52 62 16 38 13 17 14 79 71 9 102 65 54 6 51 67 29 82 55 106 18 
56 45 25 72 33 10 87 76 52 31 73 79 92 94 23 42 21 57 41 39 67 46 81 107 18 62 13 9 93 19 27 85 69 78 34 63 5 83 98 84 2 3 40 89 16 12 65 75 24 91 105 49 61 96 51 103 59 100 7 14 88 28 97 104 43 30 101 108 15 99 4 50 66 54 8 53 74 44 102 37 71 